9.590173740052716 18.23923102214263 11.928995749344631 19.33751390629432 0.4166267978295967 5.315899641427443 4
15.212031110326729 14.514994930363256 7.757258225210917 0.7539762552846851 16.23583610821813 12.101326403237735 16.98177479120163 5.529803458644322 0.06297515545778681 2.7026337053552716 8
10.866651770486055 14.69214788663848 2.738424079030777 0.4523360456346781 16.990346812755195 17.22406861765163 7.7371094352437675 0.20604215757424388 15.635785284124864 7
15.808378580090672 3.5841596156036504 14.446941619331515 3.30419653725905 0.20870153954441067 8.919059635386898 4
16.89375102808703 3.279482007445842 0.2447991989606051 -7.41133382582758 2
12.05620452815025 1.5734755596504146 14.616649211014012 2.7741391850809105 0.08146590237021839 15.317397663612674 4
11.946832558959702 15.83468105973356 12.630884819885509 16.526988634068495 13.200408917135377 6.52417916320262 10.408383198922728 12.061762756151772 0.2341458909145417 -14.617225049827933 8
19.81749817261933 4.437966558854112 9.37004373059738 0.13236219788933523 0.2318260030478782 -5.484552876579407 4
17.5623479659165 2.3301122214759706 18.329858569656093 18.946916823796055 1.2613370602685636 17.48396022696057 3.4289034469754487 18.224628044073484 17.080781190288658 0.24269912063780708 -8.610355199286568 9
10.534472140822222 8.630851065786144 3.4159778835081767 16.627625506596285 5.798832729954362 12.345085254794249 4.997710047526351 4.243683866543943 0.470753091043082 -8.366260129882868 8
1.454367555433087 14.634907610633087 14.35944291914172 16.878171065108234 18.981463520590474 0.43511582760809103 13.180215762871839 5
16.477465470820142 18.736799703115313 1.7160630346453876 11.106355680709745 10.017654697421213 18.3468434906362 0.4108659771313801 -15.751826061829766 6
18.277215459024184 17.910438378423702 14.425615291192003 0.31654903890005287 2.711970125735533 3
7.335983128706129 10.29547058198313 0.6735859661335675 6.873033887565878 7.881721227969656 13.754372599255465 7.53310036580622 9.964455202669733 5.004484991477723 0.026062094911382394 -13.38360266649227 9
3.8201841198505004 12.995108567102085 10.837075154681838 10.916673593110623 6.32230753487427 4.297817939084874 1.279341668290488 0.16758721151650857 17.538513983686407 7
0.3746188225356373 8.842980207160549 0.3420381624359722 4.1518801694058425 2
4.65414380607307 18.611404975212128 0.6471032954264477 2.026695450690863 13.855006456498769 11.2448130375536 0.4068576823321357 -4.645878950890472 6
4.061664561049696 5.631985587855352 6.581466609548161 5.625491511191685 4.492081366994176 15.170089433688718 6.649391115731933 19.045136994919677 14.401495924675471 13.177000325657204 0.2683431275777294 11.95587512662133 10
7.351453461624571 1.204347071824039 7.298415794956544 15.07844059507474 9.325524011110737 7.146435992555633 19.739536007127253 0.16054327382234307 0.7796985827209646 7
9.301276473439454 8.59141397036079 8.45253208791741 6.077522751093025 17.30732716638335 17.92603582566524 9.641000348191199 0.46269139724316954 -9.538969051174963 7
2.114699170365153 2.2303289694289297 0.4052263563039176 -7.960285902585884 2
16.98890265536288 4.899432106516719 1.328708079082428 6.6186299683534 2.8984673526923266 3.994131323662282 17.760490462985747 11.319456366974205 5.213339814504585 18.968415449071784 0.01524117506191286 18.358183359535197 10
10.846688143975726 1.6385414186263492 6.5266240825124955 0.4988846295070067 -6.837006942932078 3
8.550413123915401 13.186030327958864 10.208017685523995 18.055986632435705 17.77060934119169 11.162194167678264 14.861380846428423 6.093878057512225 0.3816690993707373 16.689461724174244 8
17.49253134912856 4.4184358910820904 19.45737635776051 0.693913852515986 13.914900483479062 16.296072589065517 0.4000211012933891 1.31215147737813 6
0.6330927738336234 12.059981538813002 10.655200270738632 0.04666200331551895 13.49771292115421 3
12.545821780811565 14.62967574694655 5.466908581009662 9.659044374171977 8.103434486746345 2.1607243430117196 2.4250002101558166 6.291009088725856 2.202536007699414 13.6586327753931 0.13613813791309481 14.788711011287262 10
15.356738585189937 13.156950759263253 5.2986149487050405 10.333229182311353 0.030651059284124205 5.3273965047908725 4
18.384191104330554 4.531967216182371 8.338002194509146 18.73737568080214 15.459354218672683 2.570061456537569 0.18954923416966651 -13.882661164232708 6
12.281411615915722 2.7605300272976785 15.273970967332666 7.023634927477131 7.6775566427840225 1.0140663303358632 18.033638524100127 5.28323175011518 8.382568517259639 0.3416096011160445 17.397526670981485 9
7.323246011231273 11.989602409005148 0.0438499676453476 -14.099725066369624 2
12.92498852915065 1.6492433040160592 17.611057844717788 18.584063309004165 0.36785657359619794 -6.001037038722368 4
17.26855124939092 3.805367861599116 12.524595723567982 5.164521655178733 7.648263028923599 19.451477974705774 5.269383143994841 8.716568074912095 3.462019843065123 5.4445729028938565 0.06449854211815687 7.841507643764302 10
18.978454557243584 17.202818209144052 16.954516003421936 9.70364534309915 0.4817859802819467 -4.042187979242122 4
11.656899723146068 1.2723981530908501 14.10849258902937 1.8712565593238284 13.912905292080598 14.82275154080233 11.981612176793321 16.740346147770538 10.042942750941828 0.43722022583231196 -9.947567329672813 9
19.882691917680273 12.974622126449587 13.808302237341081 18.047346189210337 12.493864469422022 15.512628765765617 0.3713770334804662 17.359901226770056 6
10.281590719971788 8.935034352871012 17.540063750499005 9.348634120524157 5.679568454009408 15.692322327122092 0.35799574736392575 -14.624748983126349 6
4.142691749622543 8.561788968893287 6.743557815051058 14.23260211837809 17.73012487055595 4.403697384150728 0.21319705056886934 -6.635933075189179 6
1.8779984928533966 15.33260429220948 2.7246921710705596 0.45390008792557796 9.065117222702742 3
8.993250846931591 8.13246456596588 18.351151049565708 7.639612386194474 17.081448266181848 11.492792514791137 9.623964650651027 4.28257325259975 0.3626871938796606 -2.7101638347318335 8
10.937417639969444 12.038078403901666 17.73940087533901 8.465019805932307 9.291775237268581 9.31657684579581 0.49364973531278455 12.556439500295454 6
2.7808219754660835 11.443430500751843 2.0989161394732014 0.3316797452353871 8.157263917162961 3
13.637321367409921 13.700890955802361 9.700088748841027 17.852604052343537 16.997170251422055 17.293463284479643 10.093849712919695 14.250936451367105 0.19200483750791436 11.24452986913941 8
11.529595846302637 18.235953606326063 6.996342034186879 0.09492032146649781 7.881309951734945 3
9.88562099498706 6.512370280369037 19.506998131332534 6.712419276810591 10.828911319787649 0.9023355253342347 0.36464728036894484 -6.351207954358657 6
18.030247957324065 9.290451717977282 12.717519268777016 17.880543369649516 10.137427176829306 4.0380404347489085 4.493133153881336 4.955667946359208 6.468214071806047 16.86635942423358 0.1372807776952475 -5.9562792961514575 10
18.628192827204227 5.479025934025151 10.249237222973427 16.052236984973625 2.1630346390523725 0.21553050468323504 19.265448557374597 5
12.960168711305757 5.493094004062701 4.101641841501613 15.595376820382956 11.735338324778732 0.9715777203506781 0.41121477707659987 -13.48319564670506 6
12.934516071840614 6.995787337574293 6.809101177159658 2.9378515854156695 3.000928866929624 5.414324903256464 0.1438395820858433 1.6481831488403422 6
10.79920066418465 3.030182540947919 15.660119570205655 9.21713031545129 0.0785219381193154 -10.408493405741567 4
2.862111208475573 11.259846469270428 9.649773361553928 9.034858159290266 14.643622311738326 14.965058837603681 0.8632089138735077 -17.8165319473494 0.1086067200141892 9.398157559349244 7
9.22202474265555 8.770362518579358 15.584803288483055 15.233827136050673 16.37408692174364 -0.0008754389354059811 0.20543530422729728 2.9101966711915814 5
14.699836108136745 4.299644148497017 0.2257428310273446 9.96105018746807 8.108985766462435 9.101193423608215 8.407581440036767 10.61507319462655 0.3652818771975363 -16.412536985678724 7
4.228621760940586 12.983564689913482 7.817816372036523 4.928580497403843 18.20341463049797 11.149623019599137 1.8655263352450246 15.64390240252338 0.01113093229583928 9.441226336200653 7
8.554645090862413 5.309131148440381 12.073878767418822 8.148563420475936 6.725930407597909 15.48167359220004 14.627911560806588 18.533908679758994 16.806461444620286 -8.555086073508923 0.28196907183017506 -13.952469721959698 9
0.18544902235150484 19.89102904887616 19.945360457252082 0.34092060155893833 5.833045460828368 8.370911614134219 18.129482770404387 2.356156083915031 0.4826262658428915 2.601062171320269 0.2955027072402942 9.124503450057059 9
1.0442944510791863 17.348562081033723 13.571096231166585 -11.411687688433652 0.16786197065215935 -0.48915977199008864 3
1.757678625796586 5.411235229585807 15.82392718050497 6.688497309984401 4.47580321596786 13.613073828723978 3.5813485352897056 11.209023063143757 13.109143413696536 19.013465561037098 16.571771779067724 0.3052555860663601 14.33598476775677 10
6.931061376383072 16.438378539902054 4.885595176344806 17.990201536182187 4.12212843656641 15.8210957604499 19.13366542163832 -13.756791323254806 0.27098676317750614 -15.891154189876309 7
6.531152157238731 18.90435144014273 7.872544489331579 11.454945306486202 5.744384028030223 -6.050133751480811 0.3010507525930681 5.65361058394107 5
7.482005415934347 5.226696372093922 2.7353183971364636 6.34413813180336 14.494583672124984 -4.087581768704942 0.29034755557647646 19.624300348752037 5
13.738917733785389 3.3690434711738315 10.75463634637731 13.319744242994695 8.613781432387551 12.18117164948898 0.04768495274746737 -6.154153573722514 5
3.883379763956618 12.814229126313986 14.887546013781986 -8.41973250220236 0.4148879578656601 15.054005517833893 3
8.746947302872305 4.201207431049044 17.116669429247725 10.651593992356126 14.791051222785427 16.263116426179735 16.414910655723844 7.989513462474287 4.191861269034196 15.308241926711544 5.067177479568354 0.3547531802187393 -3.9034174737532936 10
17.25317204829639 2.1608749100434976 4.77957631082443 0.1022510545051869 18.892423188706548 11.284720978125609 11.579157261897295 4.9627280834737615 15.333840681878426 7.773282707090874 11.347047101103993 0.29522610168102764 13.502270908816932 10
7.681913934293054 7.473830308379686 8.7955085312593 -14.952163091713437 0.4023422770263462 -10.11234248269564 3
10.54506198104945 9.34872007624547 18.709674379640518 4.4246208373497 0.03164661884208464 18.69659566693924 3
10.071057104219358 12.049301210868302 11.864306501782906 19.601510194784836 12.58883906440985 9.31952571442412 16.044434296895204 5.896595486927454 4.804139360666662 -1.8528779152412795 0.013748984253126373 9.109395066445586 9
12.72268635782731 1.0307404248387741 12.47649740172073 19.913695881197558 11.024008994802696 0.5160246932646784 6.573778672368775 3.096707975841453 18.97346188407317 3.7731217328435704 0.3339814105372211 -0.40989095133347675 9
0.9813347664492889 8.19297302014229 7.4773259384162785 0.10798103379551643 16.371496257521393 2
17.250152279059193 7.2215432631609495 13.382609893911484 9.630966599662338 5.502821272485283 9.3539746077854 7.525961116702295 0.45948751378900576 13.45246585349436 6
11.816235123434495 3.0900613001756017 11.422749725660271 5.52679220748103 10.798364894538512 11.071370149481046 13.527885997684415 12.91028911914766 3.4267105217992615 0.34053922098257294 -5.428565003150663 8
4.727272729498289 0.6511169240951076 1.2193607026932507 19.58034476088291 10.297885091637438 13.294204661596545 16.246310918138843 6.538809513322645 10.08457483001077 4.485600438125896 -17.45604793663605 0.49288296492902695 6.890045311690102 10
0.20726141678249155 11.24948557262458 5.137446770153133 -14.25064498047092 0.3519683436645443 -0.894074515519371 3
19.94798726453989 18.008870480799498 0.171867486527717 -3.808283196960881 0.04007027812538394 19.440012805767388 3
6.734390974227111 8.164050610675064 3.746423263169769 14.159322413441394 15.493503488522684 11.796622832260768 3.2393680946808523 16.743802221515367 -5.784728052541471 0.09679105589612108 -10.165330421325823 8
12.277300770672282 17.40058810023067 19.908047075758198 4.0247109519995306 3.006608157760111 14.146042673301821 8.25072376266538 0.4652824917597957 -13.72395068522746 6
8.308946493195462 9.62274071228229 -18.668687277127155 0.398329121571793 -1.5889357456405264 2
7.5469710567911115 9.671197704137136 17.5733984092757 11.372074390951168 -15.569593940828248 0.4308768494027523 2.6496331601185474 4
9.829498017296238 9.54598678899135 19.10607005636236 13.278778125100123 16.08678919374666 14.386397724272475 1.5193149903288283 7.233594638433168 0.11027042494076539 13.86650602114856 7
6.855852738441324 16.59289483903799 2.549529289159118 -8.313052697201396 0.18639952272845084 2.74253390137784 3
4.445002568911621 8.77979200980212 2.947812790653992 8.970924740803383 15.353245164062976 -3.6460571793342815 0.40570642168197013 -6.324273674651387 5
8.358902125848168 12.398480432310803 19.45966433445618 1.8728475951440138 0.12240803457236327 3.2786299603232627 17.535006898248795 19.312161018739555 17.696536356247236 0.30609949548774545 17.053404698407817 8
6.999684075549459 15.093886917316903 4.831741045254871 7.51202244546146 -10.993247848415422 0.46952747839314485 6.271382102538325 4
11.500876257593811 1.832706552258705 5.677603052921736 0.1867695785904157 14.9698693925125 2
10.710019402167386 16.022375637825977 -8.489313874026266 0.2544309731517198 -18.08880589298007 2
18.53895825403583 14.237234413678676 11.879560382719953 3.707762842296416 12.801945531408785 9.523699889844522 17.84618396234698 7.939966285952522 6.179579544334263 11.770877998993068 3.711019994333075 0.4475545740029727 -10.475435837661827 10
18.73004616521096 12.763334719578722 12.111614907359119 0.18015923770662523 18.488623200220825 5.500574302908621 17.158253805226604 9.472843962557484 0.04332766158852025 3.773814189789384 7
11.088316611459266 18.409699150894173 10.775049152869368 0.00045919834517577085 13.438303438047498 2
16.860509962514524 1.8181600047952218 3.384217967822407 12.524502449349697 9.277060749401967 9.190189205096432 2.0453241335078065 -13.904290223259725 0.3353547218800755 14.68588676524027 7
5.0479488698060955 16.25244295634991 7.04661758669288 10.888770119950063 -1.7221977533551502 0.19766768625945053 -19.447328167558876 4
14.044951995166759 3.142396785692143 10.19502091702011 1.7792737955676463 16.913732677925616 0.0658094764233974 19.249483979266003 -11.933333925086066 0.2722404542032442 -10.173127273785871 7
2.520836728656499 0.9225915114337901 9.37768345911822 17.809358388781657 -12.873357514272474 0.19228754213686772 6.877212761565971 4
15.761625514192517 3.68010181727916 1.4469234831746802 11.62032348551422 -3.76345116062641 0.3933197113645848 -7.47851718156927 4
12.20604664845986 19.57556894760373 13.272013188099066 0.28889851946229267 -7.709356442592657 2
8.848004014175288 16.413442257575568 7.5678206340605625 8.783882627983196 13.182954984527326 3.5716106619838173 17.72153718122398 17.332939043099916 8.819519682921262 1.9510234548380367 0.49335733657291403 19.635807559206313 9
14.064992868949453 8.92363185413171 12.44609474383463 -11.259856782758206 0.02797294472465711 -7.778639068745882 3
4.72383023634753 11.792252796991544 19.885870674002557 2.3145734979098864 18.722473179045018 7.437392365456573 16.011907943420308 14.780886361076739 0.11327331979026756 18.41295035352828 7
18.657344690442006 18.899407970575744 9.071020558903903 0.3427710469247777 -4.916652997617703 2
4.396558610075414 3.682053027761061 3.769167668150979 6.2713825349429 8.658760678789864 10.992762459634683 12.068434821144162 16.88895617937197 16.8980302374515 0.2636528686966146 1.0527369659627404 8
